 240 
1000000 806.7543358 
1025000 864.9814159 
1050000 835.8745226 
1075000 911.313625 
1100000 926.698756 
1125000 956.2071117 
1150000 963.0530233 
1175000 974.7889879 
1200000 932.026508 
1225000 1003.9290681 
1250000 948.3336232 
1275000 947.2548876 
1300000 996.2569949 
1325000 955.7259686 
1350000 991.3829603 
1375000 980.6823627 
1400000 1036.1642534 
1425000 1042.8705948 
1450000 1002.7235177 
1475000 1027.6373636 
1500000 1024.3195329 
1525000 1051.277867 
1550000 1079.4601185 
1575000 1073.5982181 
1600000 1149.6122597 
1625000 1178.2172936 
1650000 1154.1358723 
1675000 1147.6662887 
1700000 1157.2286986 
1725000 1127.4411582 
1750000 1143.5944562 
1775000 1150.3407915 
1800000 1134.5103735 
1825000 1180.4091327 
1850000 1170.7765437 
1875000 1168.2335577 
1900000 1210.0204456 
1925000 1167.51259 
1950000 1180.5883884 
1975000 1188.7672746 
2000000 1138.3794634 
2025000 1200.0036889 
2050000 1222.0923832 
2075000 1233.2698653 
2100000 1151.2264589 
2125000 1250.2074069 
2150000 1320.5991799 
2175000 1326.0925545 
2200000 1306.1351239 
2225000 1288.2705923 
2250000 1314.7493028 
2275000 1358.6083731 
2300000 1417.6850383 
2325000 1367.6882407 
2350000 1342.0785233 
2375000 1331.5996644 
2400000 1372.9352716 
2425000 1404.8318205 
2450000 1337.569884 
2475000 1355.5486822 
2500000 1343.6468325 
2525000 1370.4139519 
2550000 1368.0517683 
2575000 1340.1435035 
2600000 1407.4062794 
2625000 1364.0091905 
2650000 1423.5101139 
2675000 1342.7270029 
2700000 1377.2736685 
2725000 1405.8336851 
2750000 1411.0234579 
2775000 1390.3841556 
2800000 1370.2437999 
2825000 1432.7728174 
2850000 1382.9101731 
2875000 1344.37274 
2900000 1385.3771281 
2925000 1433.3822835 
2950000 1424.4919628 
2975000 1474.0243108 
3000000 1454.8979066 
3025000 1460.6304442 
3050000 1406.3405424 
3075000 1400.5690491 
3100000 1490.4284483 
3125000 1443.6145752 
3150000 1394.2578906 
3175000 1377.0186331 
3200000 1481.9107142 
3225000 1466.7517496 
3250000 1510.5366622 
3275000 1512.1058249 
3300000 1557.8388584 
3325000 1514.9653385 
3350000 1510.8498613 
3375000 1452.0417034 
3400000 1560.5582697 
3425000 1558.8977186 
3450000 1561.4788885 
3475000 1550.428434 
3500000 1579.5213869 
3525000 1567.9753471 
3550000 1563.9803462 
3575000 1572.1389982 
3600000 1552.3347956 
3625000 1603.0930634 
3650000 1594.491312 
3675000 1577.2493219 
3700000 1608.5135326 
3725000 1615.8788489 
3750000 1582.1500192 
3775000 1634.5692426 
3800000 1596.3342498 
3825000 1601.4359444 
3850000 1613.9608305 
3875000 1606.8576571 
3900000 1624.2447668 
3925000 1601.3009561 
3950000 1590.4514483 
3975000 1610.5373487 
4000000 1586.7416871 
4025000 1555.8353853 
4050000 1533.9844433 
4075000 1609.103791 
4100000 1621.2479807 
4125000 1640.8652164 
4150000 1625.0000965 
4175000 1561.993047 
4200000 1711.2073847 
4225000 1614.0879861 
4250000 1726.3314168 
4275000 1736.9320421 
4300000 1691.038313 
4325000 1767.3186361 
4350000 1785.1483127 
4375000 1776.6752688 
4400000 1778.5082686 
4425000 1692.0997266 
4450000 1796.4892617 
4475000 1790.5987929 
4500000 1785.5288994 
4525000 1848.0306062 
4550000 1784.0270615 
4575000 1850.6720307 
4600000 1719.2349614 
4625000 1827.1515878 
4650000 1789.0318121 
4675000 1830.4296492 
4700000 1817.9268841 
4725000 1733.3686509 
4750000 1817.4856512 
4775000 1798.3238142 
4800000 1697.8973109 
4825000 1855.9076557 
4850000 1826.0007229 
4875000 1824.9432811 
4900000 1881.5554108 
4925000 1793.2883399 
4950000 1814.7587333 
4975000 1858.1888563 
5000000 1907.9456574 
5025000 1901.4221966 
5050000 1876.72232 
5075000 1827.0001823 
5100000 1855.7011404 
5125000 1884.7924508 
5150000 1837.1561547 
5175000 1932.7696863 
5200000 1870.5542656 
5225000 1889.5453473 
5250000 1930.5868037 
5275000 1853.4475786 
5300000 1898.2926154 
5325000 1856.0180605 
5350000 1889.4555882 
5375000 1867.4187892 
5400000 1919.3038836 
5425000 1890.5373579 
5450000 1886.1207047 
5475000 1907.6629901 
5500000 1872.5768692 
5525000 1880.8187432 
5550000 1932.4427522 
5575000 1985.250454 
5600000 1878.1318394 
5625000 1900.5344506 
5650000 1905.5817354 
5675000 1856.8481052 
5700000 1949.286269 
5725000 2037.5955788 
5750000 1827.8899747 
5775000 1846.2907974 
5800000 1844.1099424 
5825000 1924.5999423 
5850000 1917.3064024 
5875000 1959.7054695 
5900000 1910.1950178 
5925000 1915.5669015 
5950000 1966.4901444 
5975000 1866.7691484 
6000000 1951.3678505 
6025000 1932.8362343 
6050000 1885.9058942 
6075000 1916.1862929 
6100000 1906.5669075 
6125000 1921.1379742 
6150000 1954.0899115 
6175000 1921.5274402 
6200000 1922.1611638 
6225000 1970.4654812 
6250000 1919.8744778 
6275000 1980.4399013 
6300000 1882.855282 
6325000 1920.7479048 
6350000 1978.7638179 
6375000 1861.7001986 
6400000 2075.7743521 
6425000 2063.2862976 
6450000 1918.82059 
6475000 2052.3081325 
6500000 2152.458756 
6525000 2086.7876997 
6550000 2147.4818044 
6575000 2071.3726145 
6600000 2104.6241057 
6625000 2107.8617683 
6650000 2105.1312192 
6675000 2116.3656259 
6700000 2063.6236504 
6725000 2135.0822394 
6750000 2162.8941689 
6775000 2119.6109871 
6800000 2059.1349255 
6825000 2138.9341999 
6850000 2161.2937822 
6875000 2126.7949885 
6900000 2118.6407313 
6925000 2115.1643732 
6950000 2210.2534178 
6975000 2132.7219038 
7000000 1985.7626484 
7025000 2146.7790181 
7050000 2142.2432416 
7075000 2108.1678393 
7100000 2136.6951236 
7125000 2076.7270738 
7150000 2157.2649787 
7175000 2154.9394659 
7200000 2089.5257989 
7225000 1998.9032309 
7250000 2188.5036227 
7275000 2139.2664588 
7300000 2098.4192645 
7325000 2187.8842441 
7350000 2203.3824806 
7375000 2104.1277441 
7400000 2192.3540179 
7425000 2093.8759109 
7450000 2166.1987137 
7475000 2194.9615812 
7500000 2165.1791028 
7525000 2200.0102398 
7550000 2189.126472 
7575000 2139.7130999 
7600000 2147.0987089 
7625000 2221.4261714 
7650000 2118.0205761 
7675000 2171.9596785 
7700000 2124.6733737 
7725000 2180.4077143 
7750000 2057.373253 
7775000 2082.1922523 
7800000 2253.6538754 
7825000 2145.5626954 
7850000 2096.3542664 
7875000 2100.8781874 
7900000 2145.0464523 
7925000 2107.3943857 
7950000 2181.2266158 
7975000 2156.8718937 
8000000 2154.1290975 
8025000 2165.4662167 
8050000 2226.3332709 
8075000 2152.2584384 
8100000 2118.4132629 
8125000 2168.1062233 
8150000 2147.0028995 
8175000 2260.9910667 
8200000 2177.9977488 
8225000 2211.1215834 
8250000 2151.7444662 
8275000 2190.0813502 
8300000 2180.4196793 
8325000 2253.26967 
8350000 2158.014284 
8375000 2212.7033143 
8400000 2154.2551816 
8425000 2213.819766 
8450000 2113.2258065 
8475000 2146.1381412 
8500000 2255.4436161 
8525000 2354.8716473 
8550000 2287.4287752 
8575000 2384.8369808 
8600000 2349.8095301 
8625000 2505.6436769 
8650000 2291.9346363 
8675000 2273.9589752 
8700000 2276.556595 
8725000 2297.3278132 
8750000 2467.3899898 
8775000 2434.4913136 
8800000 2465.4917952 
8825000 2447.5248331 
8850000 2322.7005666 
8875000 2386.1976592 
8900000 2439.3934219 
8925000 2361.5257029 
8950000 2378.3201794 
8975000 2317.7391408 
9000000 2350.9983241 
9025000 2423.5393818 
9050000 2270.9126102 
9075000 2448.2327144 
9100000 2397.9180394 
9125000 2378.3926616 
9150000 2468.0572218 
9175000 2333.9270561 
9200000 2370.4967435 
9225000 2412.9422919 
9250000 2441.5008131 
9275000 2448.9481268 
9300000 2356.0198244 
9325000 2511.061451 
9350000 2359.9387629 
9375000 2431.7652559 
9400000 2415.7598096 
9425000 2428.105331 
9450000 2342.4294522 
9475000 2319.6012679 
9500000 2341.9363049 
9525000 2345.1766549 
9550000 2352.1879771 
9575000 2433.3314535 
9600000 2445.6616165 
9625000 2377.7665528 
9650000 2346.6372544 
9675000 2414.1475604 
9700000 2474.6840559 
9725000 2484.2905333 
9750000 2424.6034579 
9775000 2379.3110415 
9800000 2231.8698794 
9825000 2456.9693454 
9850000 2419.6450404 
9875000 2419.3756405 
9900000 2377.7756371 
9925000 2471.2789806 
9950000 2444.6301442 
9975000 2356.2480755 
10000000 2420.0529449 
