 240 
3000000 1463.383621 
3025000 1241.805473 
3050000 1207.217934 
3075000 1486.653115 
3100000 1482.075651 
3125000 1521.246171 
3150000 1359.18462 
3175000 1488.176156 
3200000 1588.336531 
3225000 1611.003481 
3250000 1605.598032 
3275000 1461.937053 
3300000 1571.295982 
3325000 1411.746871 
3350000 1480.390937 
3375000 1649.531423 
3400000 1821.778171 
3425000 1499.07437 
3450000 1531.383827 
3475000 1485.510835 
3500000 1556.820994 
3525000 1440.071079 
3550000 1437.366556 
3575000 1492.055036 
3600000 1516.284355 
3625000 1552.987727 
3650000 1469.338302 
3675000 1532.212262 
3700000 1662.856752 
3725000 1654.243487 
3750000 1468.517823 
3775000 1662.986475 
3800000 1718.240546 
3825000 1607.709118 
3850000 1577.662859 
3875000 1701.733253 
3900000 1536.628248 
3925000 1567.686617 
3950000 1500.432918 
3975000 1671.345048 
4000000 1715.941098 
4025000 1365.341839 
4050000 1537.33466 
4075000 1552.068129 
4100000 1619.870739 
4125000 1641.993075 
4150000 1709.613098 
4175000 1951.895693 
4200000 1537.345246 
4225000 1792.77347 
4250000 2131.603289 
4275000 1606.462135 
4300000 1754.534225 
4325000 1593.300787 
4350000 1630.088844 
4375000 1763.769795 
4400000 1809.129099 
4425000 1857.22449 
4450000 1847.718568 
4475000 2018.462997 
4500000 1652.553 
4525000 1606.193905 
4550000 1859.726923 
4575000 1910.991573 
4600000 1674.717552 
4625000 1723.067828 
4650000 1961.095658 
4675000 1731.561381 
4700000 1748.253186 
4725000 1739.613103 
4750000 1753.246374 
4775000 1802.445105 
4800000 1822.629637 
4825000 1941.754124 
4850000 1601.684892 
4875000 1951.145271 
4900000 1819.048629 
4925000 1706.745752 
4950000 1782.810315 
4975000 1839.833204 
5000000 1695.687728 
5025000 1600.418472 
5050000 1845.511569 
5075000 1888.938909 
5100000 1743.93587 
5125000 1782.29515 
5150000 1881.86934 
5175000 1855.766182 
5200000 1990.516727 
5225000 1940.030598 
5250000 1913.905368 
5275000 1901.968226 
5300000 2037.991607 
5325000 1884.438687 
5350000 1940.033548 
5375000 1901.872251 
5400000 1973.301931 
5425000 1809.848021 
5450000 1889.20451 
5475000 1758.053771 
5500000 1799.094027 
5525000 1903.899165 
5550000 2184.215645 
5575000 1962.455297 
5600000 1698.461215 
5625000 1646.672931 
5650000 1913.655484 
5675000 1821.923482 
5700000 1691.508666 
5725000 1883.74793 
5750000 1697.005472 
5775000 1896.203699 
5800000 2120.97658 
5825000 2126.451381 
5850000 2004.906516 
5875000 2070.912206 
5900000 1990.971393 
5925000 2027.618502 
5950000 2224.759471 
5975000 1645.116465 
6000000 1762.454296 
6025000 1915.480182 
6050000 1813.906279 
6075000 1784.181503 
6100000 2036.193212 
6125000 1690.044775 
6150000 1763.425283 
6175000 1932.171857 
6200000 1795.536115 
6225000 1790.264301 
6250000 2058.639276 
6275000 2016.736712 
6300000 1907.277829 
6325000 1938.369493 
6350000 1979.72443 
6375000 2037.759431 
6400000 1923.182961 
6425000 2024.18024 
6450000 1823.465833 
6475000 2109.356299 
6500000 2068.762946 
6525000 2297.802329 
6550000 2161.241649 
6575000 2201.801064 
6600000 2261.937913 
6625000 1955.349674 
6650000 2151.556928 
6675000 2096.071901 
6700000 2307.973538 
6725000 2001.850554 
6750000 2048.280734 
6775000 2107.862385 
6800000 2049.270389 
6825000 2074.162109 
6850000 1968.932779 
6875000 2024.23676 
6900000 2115.42601 
6925000 1964.108831 
6950000 1747.586871 
6975000 2128.743962 
7000000 2312.618944 
7025000 1787.423066 
7050000 2196.870683 
7075000 2030.608643 
7100000 2156.538762 
7125000 2505.041434 
7150000 2150.259649 
7175000 2251.297474 
7200000 2252.560365 
7225000 2039.98125 
7250000 2199.324742 
7275000 2068.230908 
7300000 2349.224994 
7325000 1972.469904 
7350000 1759.784226 
7375000 2123.829813 
7400000 2330.427945 
7425000 2136.012797 
7450000 1893.132662 
7475000 2336.159238 
7500000 1895.338312 
7525000 2357.192605 
7550000 2416.211101 
7575000 2298.121501 
7600000 2137.240083 
7625000 2002.468559 
7650000 2188.951318 
7675000 2484.127136 
7700000 1933.566397 
7725000 1948.967592 
7750000 1901.530047 
7775000 2131.85651 
7800000 2183.028008 
7825000 2089.924947 
7850000 1940.353234 
7875000 2312.296373 
7900000 2302.458512 
7925000 2026.754654 
7950000 2001.712684 
7975000 2175.389639 
8000000 2155.257264 
