 1 
100000 86.981448 
200000 185.368704 
300000 277.572118 
400000 371.781534 
500000 471.628574 
600000 567.705606 
700000 663.602814 
800000 761.060912 
900000 855.536183 
1000000 966.034829 
1100000 1065.837027 
1200000 1161.433986 
1300000 1262.371856 
1400000 1366.150642 
1500000 1458.26674 
1600000 1559.559388 
1700000 1652.341545 
1800000 1752.888454 
1900000 1854.849791 
2000000 1979.271625 
2100000 2074.147996 
2200000 2193.9438 
2300000 2280.527358 
2400000 2393.958272 
2500000 2479.968797 
2600000 2585.462319 
2700000 2718.909232 
2800000 2794.265717 
2900000 2890.87992 
3000000 2983.901697 
