 1 2 3 4 5 6 7 8 9 10 11 12 13 14 15 16 17 18 19 20 21 22 23 24 25 26 27 28 29 30 31 32 
100000 18.345024 13.485075 10.575943 10.526857 12.649578 6.925661 9.312369 12.705952 8.095403 9.01301 10.309557 10.186672 9.793594 10.257403 9.793861 10.253865 9.184978 14.99795 11.012854 11.185739 11.776327 10.340217 11.194044 12.321203 12.241439 11.005365 10.891866 11.671639 12.956863 12.549818 17.663665 16.623614 
200000 49.492269 31.814439 24.030767 18.699218 16.347522 17.352935 14.184023 13.111695 13.818101 13.443027 12.698275 14.785732 18.942606 13.600805 14.260404 14.218521 14.840265 12.872044 14.950492 15.94469 16.010542 22.384426 14.950125 13.161636 13.730496 17.937048 14.576155 15.514703 19.103326 20.101691 16.393466 19.75349 
300000 55.417635 34.716817 27.272266 20.063704 18.979499 19.766729 20.1261 16.456713 15.087245 15.813918 16.2548 19.398465 15.451043 13.71398 14.841823 13.50008 14.46093 15.582379 18.660479 20.321797 33.990022 15.879572 19.851242 21.163896 23.143744 23.71804 18.088815 71.697323 20.241371 18.192635 22.558086 24.279723 
400000 100.99165 61.08345 32.531002 27.4684 23.675615 21.009697 21.45019 20.895074 23.103668 18.612012 22.683609 18.000628 17.402281 18.10768 20.304568 18.186404 19.070679 17.233306 18.174052 20.543872 20.957416 17.53525 20.687317 19.361369 18.727029 24.203421 22.441581 25.628743 22.135475 24.315553 20.856707 24.719612 
500000 98.411986 56.942268 42.231405 34.004757 28.9775 25.064716 28.017421 22.800908 22.011443 21.952905 23.077914 21.871816 19.912922 28.211847 20.687955 21.483237 20.313096 20.439376 21.252131 26.317571 21.202539 20.363712 23.121353 20.12422 27.711863 27.797751 32.994832 26.94117 23.918969 47.380636 21.773381 20.660167 
600000 113.099045 68.834072 50.035764 41.376628 35.771524 33.750566 29.976651 29.13905 28.378813 27.655259 26.583713 25.498999 27.833812 27.7567 23.734737 28.812095 23.363787 24.475417 23.551863 27.295784 24.053318 24.784781 23.026565 24.483551 25.883418 26.36622 23.283082 33.974578 33.169525 28.288614 26.963944 23.077759 
700000 131.343624 77.569714 57.130825 45.455841 40.901002 36.560409 33.056828 32.19507 35.496033 31.324816 29.766851 29.663312 28.225879 29.027866 34.139206 32.762886 25.800848 26.663644 32.666655 30.448084 25.412833 25.779175 25.971985 26.987031 25.389511 27.179314 32.378006 35.512976 27.444551 37.055619 30.860758 28.065316 
800000 150.390785 89.547572 66.131443 52.199747 45.92637 42.457858 39.310533 37.62618 35.870684 37.11667 31.950721 34.255985 31.524797 32.35964 30.670052 30.009347 29.679988 28.748465 28.974822 29.431765 29.484753 35.623061 31.086924 27.637975 28.015395 29.399075 29.149344 29.642634 28.992192 32.782507 35.258683 38.363434 
900000 168.898383 100.35825 74.30584 57.97632 51.231873 47.263877 39.977019 38.571219 42.15006 40.104324 36.96523 34.677209 33.137337 34.114569 31.204559 35.823348 32.651196 32.231629 30.647084 31.134652 30.875457 30.739078 30.550538 31.759738 31.323729 38.708575 36.7637 46.12715 36.176647 41.094448 38.155489 34.707182 
1000000 189.565327 115.421304 84.478289 64.623757 57.320617 50.083595 46.447088 44.227873 43.2995 39.321046 40.728091 38.614789 41.184042 35.499017 34.983001 34.263935 35.552795 36.487966 36.161389 44.626223 35.535473 35.221067 39.537105 34.686302 33.025371 35.474344 45.897329 41.943538 41.468213 44.183715 50.864329 43.790334 
1100000 209.815315 124.412891 88.879518 73.08563 61.622959 58.369721 51.129282 48.12392 47.307746 47.753073 42.460023 43.907285 37.649159 37.328995 40.71576 43.084343 38.164556 37.705649 39.228554 38.394988 45.458655 37.679936 36.36939 37.105766 38.406808 42.078208 42.548581 35.250127 36.060263 37.505526 48.023504 37.251379 
1200000 236.972059 139.13366 99.216587 78.322958 67.492168 58.226411 57.001683 52.882329 47.634769 46.626852 50.693811 47.383039 46.284996 46.159265 43.58398 40.470804 42.675094 41.642257 41.093511 42.257363 39.343792 38.27809 39.766482 45.50776 40.327351 54.694332 39.27917 39.111208 38.616633 37.580736 47.569079 56.694804 
1300000 257.920745 147.081838 105.342761 86.341519 74.541241 66.144104 57.471123 54.564502 57.624248 49.533887 53.302481 57.769927 49.050839 47.445476 52.697665 45.015365 46.613476 44.478751 62.83016 41.758704 44.369164 42.718669 41.615673 48.7622 44.146232 40.847596 40.832929 42.854508 52.914995 43.872424 44.264147 46.753456 
1400000 271.219689 160.54678 114.914855 91.50759 79.206347 68.846106 65.096679 57.288514 58.858354 50.881033 52.527688 58.873128 55.030556 50.675269 45.609212 45.57978 48.313307 47.602261 48.019468 51.953016 45.854452 46.949478 60.42679 44.719909 44.080013 42.692304 47.009116 43.489586 48.718562 51.697816 52.711369 47.226778 
1500000 294.026942 169.82514 122.326883 100.219783 84.773364 74.095061 67.933019 70.814397 61.388887 58.221077 56.162883 51.42745 53.923141 55.019679 49.369023 47.715466 50.577925 55.969388 48.093975 56.143095 52.652161 47.807269 52.97526 47.679788 53.765569 56.042241 51.987534 51.81082 61.954226 51.681932 58.3246 51.638054 
1600000 305.026192 181.105968 129.2527 103.595024 90.065432 83.340051 70.623955 68.457024 65.962079 63.737547 56.262378 55.111039 58.266082 60.384386 56.854293 50.839372 54.619213 52.437045 52.33706 54.441069 51.577374 51.067363 51.065992 49.279721 49.370406 50.130935 48.43412 55.114408 62.046495 47.64215 58.127965 77.225806 
1700000 324.852575 195.526862 136.142136 115.218231 92.469523 82.004758 79.367613 70.245414 73.694073 66.134322 62.13749 61.649677 58.58208 55.405637 62.025851 58.618512 54.199666 55.008162 55.349399 49.312785 52.968811 56.700395 53.472428 52.057241 58.302308 54.518749 53.766774 57.2695 48.478518 63.448637 68.812581 54.449519 
1800000 358.664349 203.480699 161.823812 115.475686 101.797544 87.512024 82.310829 74.398204 74.888598 67.382672 65.246854 67.380423 61.715026 65.515142 62.19535 69.090206 55.159365 55.196556 55.184208 56.330067 54.697755 52.609857 59.562551 65.264838 53.469947 57.211841 54.280256 53.261173 55.876569 69.60621 62.890614 53.422636 
1900000 368.529453 231.689432 155.397532 126.496755 105.337755 94.564495 84.255076 76.489743 84.25498 70.293434 73.310486 68.654081 63.894438 69.221205 56.567204 65.901221 63.103889 59.291113 58.661428 56.303243 59.650138 58.708144 57.021372 60.590885 56.388173 57.787656 55.809352 70.647893 66.5793 64.276218 72.037384 65.585207 
2000000 389.408601 228.720902 174.501697 129.495675 111.867356 99.504865 89.731174 80.339109 78.575797 73.108592 72.880109 77.27788 67.598512 77.079206 68.093718 62.142621 71.599382 65.069577 64.021005 67.387307 61.238083 65.930778 62.149892 59.262676 63.498642 56.684515 62.564193 66.193674 62.834557 64.233833 79.169133 64.737844 
2100000 406.646885 243.768257 173.354838 131.499528 116.192435 100.938136 92.802694 84.995939 86.202559 77.167413 75.129217 79.747372 69.851841 70.087115 67.993636 65.198519 64.07128 64.243574 65.41793 63.661517 67.447824 62.237109 69.025729 61.899657 80.83927 62.638073 64.625979 65.33227 64.910492 71.94301 60.713261 91.773849 
2200000 429.565829 255.106797 177.918395 144.186196 121.961816 111.176839 102.554735 91.928485 93.067778 84.148358 80.106646 81.674716 77.789493 71.267296 75.880204 70.830595 73.056599 71.123418 69.474367 67.011141 71.251164 68.453692 67.210465 67.200392 64.629821 63.368265 63.805643 72.185664 75.020617 64.410947 65.474092 74.872261 
2300000 447.978262 266.105235 194.818503 152.598267 129.135564 114.367884 99.889569 93.948747 88.311155 82.572271 81.343413 85.552214 74.811942 75.63744 76.401383 77.51514 77.272065 76.092063 71.285702 71.736101 66.703511 68.200406 74.448856 68.88056 69.399966 66.270118 66.845878 68.386723 75.391693 68.372857 89.886708 85.855239 
2400000 469.115613 297.991039 209.673252 155.823306 134.932017 120.129501 107.669075 99.25551 93.117477 94.478249 89.215144 89.724538 83.544496 85.302447 74.838429 73.310325 74.844546 78.721716 70.293424 77.157013 72.149514 75.804513 70.929661 73.226944 72.976674 71.300044 74.231504 67.452962 68.335046 90.866729 85.755457 90.428546 
2500000 506.720754 287.60622 210.971461 178.590415 139.526893 119.463636 112.158424 102.719878 98.563496 100.426676 87.443696 84.048618 82.595565 88.39823 84.224444 87.414769 85.190293 79.417514 73.442317 98.741933 74.25053 75.565135 71.52441 88.068453 72.073539 72.687195 75.757736 79.384161 71.782876 96.358787 72.908868 71.466327 
2600000 509.544879 299.585594 212.153757 167.919819 144.570951 126.552767 123.095287 107.110191 104.399128 96.57387 87.050797 99.946428 93.290329 85.977735 76.950925 91.991481 83.508461 78.400886 76.219235 73.997023 82.296344 82.421158 81.90802 76.923228 75.910627 72.032657 74.171913 79.821079 87.308584 74.224153 99.759868 86.957947 
2700000 549.007986 322.744434 229.736726 172.83459 149.630245 142.547691 122.40655 114.582757 108.895089 109.258949 95.959563 93.191693 98.97156 82.664529 99.168803 88.605407 92.992057 84.340726 85.795221 82.966515 84.079975 83.028579 80.406207 78.718997 77.278825 79.332184 78.422332 77.583684 75.108684 97.974908 79.135767 94.206246 
2800000 552.351208 324.618677 234.865055 181.735557 153.880273 137.923417 129.812738 113.784553 120.101196 106.478537 112.831495 112.817587 90.603429 99.531531 92.208521 90.132105 81.590531 87.971581 87.662356 91.631894 84.575778 82.397784 84.906522 79.955311 82.349897 82.416975 79.148158 82.632201 77.895778 84.534474 98.778095 81.412398 
2900000 568.56729 345.343939 241.302415 187.304457 163.348984 144.429887 127.595552 136.877213 123.291441 105.469762 100.542493 109.097503 92.565642 91.61331 90.758325 94.569623 90.964502 88.428046 90.775136 81.97346 83.74494 86.282406 81.949118 83.890177 79.681234 85.271883 97.327502 78.707925 79.042101 86.22593 81.438514 80.333621 
3000000 590.148759 346.162007 246.391596 194.170884 170.057494 155.659977 133.49069 127.100249 117.621163 110.287512 102.884997 120.279873 112.872646 99.980901 88.829647 108.505267 93.136676 84.573486 99.654552 94.948327 90.037616 87.743602 83.962467 83.957989 85.072322 84.843986 81.618309 85.981582 84.91293 88.076109 82.368564 83.460077 
