 1 2 3 4 5 6 7 8 9 10 11 12 13 14 15 16 17 18 19 20 21 22 23 24 25 26 27 28 29 30 31 32 
100000 26.538558 26.176811 28.513582 30.320489 26.279708 28.994329 25.193174 25.268696 27.015566 23.529654 24.891145 23.065922 58.096523 20.016459 21.725188 24.340299 41.351846 27.41657 23.783324 27.333468 27.680834 21.291279 30.295983 114.833129 20.383936 19.836235 22.562086 33.916326 69.434591 67.646773 30.295358 85.412712 
200000 105.716002 66.612167 61.329486 44.69495 55.361097 43.734238 49.701546 43.823174 45.259736 43.773181 35.899167 36.294953 115.109913 55.562649 37.477502 35.459264 32.561065 41.883818 33.579964 31.794192 37.157484 104.532008 141.03733 171.019738 262.232894 195.873378 126.18441 37.315059 26.74298 85.426822 122.231716 104.071887 
300000 83.571909 81.38284 64.680138 66.42783 75.849443 53.238455 48.600932 44.390577 139.264964 49.003136 41.348236 42.906169 37.879207 67.893958 34.666708 35.115686 36.722811 40.217914 66.208594 44.467577 36.503995 68.998547 122.510529 107.498737 34.431663 46.292892 44.446592 48.731305 47.331258 45.215739 141.994155 133.059112 
400000 137.73647 98.571183 94.484922 99.615802 72.486386 71.26796 70.977748 71.538499 70.420042 53.944333 55.500209 62.84397 46.682893 122.499212 61.422476 46.304233 50.099809 111.507249 129.003925 48.620105 46.122678 40.863683 49.524237 57.047911 50.448351 71.716433 166.965251 135.159844 58.106941 106.298521 199.127126 116.454675 
500000 127.860677 122.930332 118.325214 124.266396 98.528506 86.846065 82.875364 79.715603 72.228668 63.321106 76.365419 58.466818 57.396554 56.925831 52.321004 54.14551 93.634247 71.533329 58.487564 62.200977 113.135873 47.569033 143.055705 58.777338 137.218415 97.515438 116.699389 46.045834 57.416353 116.039868 59.73227 147.945046 
600000 155.792705 150.416876 130.73588 145.248955 107.264114 99.353953 120.762453 92.630628 119.882126 79.436616 65.108048 143.98995 78.746364 134.423107 62.161943 139.785055 68.552691 84.848025 65.087861 68.567802 61.486747 61.821838 142.438514 132.681274 193.479697 58.479769 58.975571 59.459203 53.46762 64.368074 126.317362 93.949257 
700000 179.329066 171.984999 152.357107 163.256509 111.227448 125.252171 112.007731 134.356901 123.354656 111.717994 95.705179 75.929863 70.472288 135.332719 149.727188 76.20438 75.30724 74.836522 56.21043 77.279759 74.921149 107.185012 72.843597 111.228321 83.126353 65.300519 79.028423 72.238264 106.792516 61.008213 113.228123 127.973872 
800000 203.726631 188.890923 177.579337 106.627188 177.284538 146.015542 156.905987 124.197961 127.003451 109.091476 86.211815 78.874547 164.720735 75.380619 103.008703 67.443042 153.929616 77.888715 77.498474 82.100426 76.446362 74.051267 131.22768 84.666236 185.196035 90.952379 94.691112 99.064567 91.902346 190.0221 87.489133 152.004018 
900000 241.549842 222.439955 198.841115 219.65049 138.870018 132.170558 145.163993 155.454523 139.1913 170.196676 87.277284 107.17025 83.579095 95.109727 172.758501 92.772904 87.12687 98.584185 90.856855 121.364071 176.340684 80.216109 134.219 76.835373 85.860867 86.07753 149.495295 72.797253 81.489673 125.276151 212.246394 179.278421 
1000000 264.811825 262.657614 215.999268 255.169134 189.742566 177.648189 169.654244 139.574711 102.53223 123.428152 240.918836 156.734175 95.485587 99.476672 113.486532 98.77461 86.246031 121.697152 89.083506 159.237538 117.625715 84.937252 97.882901 79.999887 113.487427 216.985619 131.374654 167.014015 141.929073 107.84955 284.507879 156.582341 
1100000 340.341859 292.62906 245.92299 220.225776 214.883436 180.456086 162.20383 160.215828 161.565761 127.579441 146.102661 109.162069 105.630722 112.559357 142.564187 216.287791 212.006962 117.139195 156.052611 125.018503 101.42281 95.18629 104.306589 88.669668 138.830709 97.696617 99.983141 93.126151 88.026484 93.480295 109.968565 151.058596 
1200000 323.261907 328.287136 422.549064 331.544125 207.44622 211.536363 193.006159 154.833424 180.634069 160.86363 134.269053 118.858347 194.150834 126.165784 112.606513 119.384211 187.910883 126.390045 144.035467 101.388471 111.607287 109.551565 186.267333 119.944969 133.248657 94.432876 106.328016 124.69105 131.896224 99.441371 136.555853 111.783354 
1300000 337.082527 381.924136 298.112188 260.351365 186.990396 235.331805 199.809734 169.502733 188.668056 167.444815 168.528851 149.273293 132.137012 135.270086 249.94664 120.143189 160.184768 137.507287 128.404357 244.394733 115.21463 140.872759 119.249388 93.478052 102.882623 125.815341 219.3499 170.803034 123.932801 102.022814 129.860139 209.637989 
1400000 392.203697 401.631983 330.8287 367.201479 291.214935 241.98092 216.636746 168.499934 158.867135 138.433465 150.59435 128.998441 141.066169 145.603123 118.363624 137.006673 168.677715 132.267695 122.069605 135.330009 145.287754 191.364887 197.925319 117.574767 130.986719 147.221766 117.179655 111.482534 121.445292 118.887014 99.346661 220.416212 
1500000 401.287042 443.704997 358.036035 342.244827 273.459134 267.932505 248.113053 235.210659 186.206069 158.101743 186.186922 248.083818 281.632051 221.28099 136.553446 139.107489 263.576175 161.678464 141.532239 151.388166 147.506166 138.941702 119.944808 119.562095 206.568217 205.419579 152.934133 212.926236 134.350252 110.385028 222.156929 174.844036 
1600000 431.733978 472.886485 382.064706 203.985319 361.395798 282.171364 161.917019 239.523422 198.329963 146.202809 167.223501 177.691423 294.656646 172.236661 189.102746 173.212559 143.645044 189.812975 145.024758 144.306764 138.20271 128.038377 223.684993 121.669409 154.020942 135.112558 174.23935 118.128735 152.221234 175.851239 199.632877 218.641301 
1700000 475.0503 510.623261 417.77062 389.480112 400.948893 342.915921 228.765743 189.727292 224.092514 200.218332 175.923787 174.107556 159.430495 159.678524 187.107058 190.066161 173.600066 161.47746 172.065424 245.564327 138.367197 155.606449 124.615258 135.665966 205.110313 214.214975 215.433459 143.817932 131.258095 141.949165 251.850949 171.593063 
1800000 500.253616 542.482496 452.777159 478.275898 292.980276 279.790236 277.518157 206.729647 191.529933 218.814823 265.71819 196.206432 238.168913 186.888714 276.476209 160.19027 195.161528 170.529012 174.849547 188.517765 182.494093 241.005403 139.552738 234.047059 227.528019 127.94349 128.663244 200.021171 156.814901 203.839568 155.431997 191.99526 
1900000 542.228633 568.928252 492.603478 403.189923 301.687845 364.595601 323.97689 251.906908 227.689329 197.635583 215.461214 200.830498 258.286003 178.591057 173.436741 177.925385 183.345362 194.274251 184.213043 242.758033 248.449694 163.198158 152.930131 156.691831 158.93516 149.721607 195.690003 188.758978 139.945301 225.520921 199.29083 163.715953 
2000000 558.975861 610.994163 506.621458 512.924532 307.544478 432.971751 352.216868 254.801259 222.247447 224.571153 219.595905 185.847229 222.23854 225.15652 182.940128 205.667201 170.029358 198.69553 212.646682 186.181488 218.18023 158.472357 159.332915 151.080364 149.335102 180.403412 145.674284 164.883559 138.481436 243.456052 240.211995 234.518028 
2100000 570.575292 646.697099 564.591105 493.463134 523.331738 322.052696 337.813564 327.496438 320.760361 242.251722 240.865147 205.008666 248.4632 184.335967 187.293686 196.768547 185.000899 203.330873 216.414116 243.898597 230.293483 163.862369 198.468393 159.338562 231.340394 170.871271 220.204451 162.037589 164.916234 152.050801 220.23493 242.413798 
2200000 623.984868 694.991246 580.253896 526.056615 506.273219 490.399794 357.754602 285.527222 361.068037 352.936361 326.641804 251.86232 218.045471 215.512963 211.584636 196.768278 207.711529 185.794816 229.638416 216.123755 175.507909 237.697754 187.915562 194.912725 171.985668 177.173323 158.17175 165.240719 181.265243 180.825132 231.316372 164.146503 
2300000 642.704938 720.821077 594.756731 544.889827 671.327714 377.05788 357.891216 347.67849 411.299469 256.079704 298.101126 222.709207 192.524064 222.486804 218.228028 260.527787 217.013364 251.610547 174.369852 192.593503 184.89203 221.895379 195.513553 193.076309 188.364132 160.576357 163.527168 177.521832 258.76813 176.789303 197.560546 179.20156 
2400000 680.01486 773.793535 630.565831 581.819054 527.394707 403.22225 354.354037 328.124615 341.616367 321.399314 271.621674 276.696635 293.437814 232.906499 248.705833 238.283428 199.251903 214.0922 225.501763 214.033685 219.165961 255.504751 217.971307 255.559735 207.136559 231.686335 186.716537 174.448508 230.60049 362.62158 187.715744 213.91206 
2500000 671.240438 787.132979 676.778705 649.605004 706.682396 509.49022 380.14485 378.590894 478.430976 346.939854 302.98224 239.941376 256.387425 302.436889 296.086536 229.013502 221.896964 181.647444 233.359156 211.280001 223.472361 177.364804 225.380045 195.775783 239.431696 213.318605 191.622934 250.645386 168.836662 214.427023 180.124504 165.655764 
2600000 696.484977 845.227458 672.694554 620.106842 535.7924 571.105563 503.285873 348.259196 339.179187 322.660422 273.356452 302.621573 302.433084 238.849619 290.11378 239.818725 252.806627 214.094175 223.487418 258.38724 256.894463 215.069956 220.285694 190.048711 187.360115 208.967884 258.020994 269.512652 177.3737 180.629571 184.879964 239.628442 
2700000 720.488203 868.360534 733.100884 724.23647 755.003477 577.038581 490.341765 373.710116 401.665302 288.304783 278.733881 411.005711 362.844148 497.635811 280.783242 250.398786 248.35219 244.037525 247.912976 270.447934 220.89024 238.089744 214.466996 260.617244 216.404233 193.880594 224.664511 230.103863 169.003714 183.436973 189.665902 211.542685 
2800000 750.397444 904.222088 750.427687 640.806879 756.997724 387.806651 468.048061 414.265161 351.895368 468.118484 370.721732 343.506921 273.208451 308.844097 320.117311 229.144678 237.54451 275.755133 247.397312 246.3729 277.665777 273.934346 221.676346 280.161789 215.610662 261.092851 241.468525 199.985693 179.454196 250.546907 305.978278 208.747727 
2900000 814.71377 931.601701 807.308195 449.783202 812.57102 486.976614 498.198557 485.193967 518.693389 353.552802 312.417643 414.783093 279.911958 322.981511 299.766921 287.841193 274.240451 227.602319 319.504369 253.929829 233.664396 231.652203 216.637352 226.179517 216.153523 208.651362 227.184186 256.500784 196.034509 240.795114 257.977239 259.518277 
3000000 845.399048 962.880919 835.421217 971.155849 691.764289 504.482643 573.060383 459.616988 544.603488 396.698621 374.847615 411.490602 331.825367 324.179677 236.945363 285.614614 329.878576 300.628558 304.22585 299.292604 350.878845 233.276167 298.008457 225.135862 210.850839 213.819398 232.589276 235.873956 257.178853 204.731628 237.584386 265.235935 
