 1 
100000 12.641963 
200000 35.093443 
300000 39.189848 
400000 71.356149 
500000 68.224367 
600000 82.697617 
700000 96.859039 
800000 106.420492 
900000 119.254756 
1000000 135.550912 
1100000 152.51802 
1200000 170.550579 
1300000 177.626293 
1400000 193.648229 
1500000 213.090532 
1600000 218.132495 
1700000 232.605314 
1800000 252.954122 
1900000 260.676618 
2000000 280.349424 
2100000 286.083361 
2200000 307.666736 
2300000 322.746984 
2400000 330.241693 
2500000 366.955679 
2600000 364.534224 
2700000 396.839348 
2800000 396.940638 
2900000 408.234881 
3000000 424.76333 
