 240 
1000000 790.962436667 
1100000 933.486502333 
1200000 939.502877333 
1300000 982.541223667 
1400000 1020.80260267 
1500000 1119.79783733 
1600000 1102.20982933 
1700000 1169.70738167 
1800000 1202.653086 
1900000 1095.97472767 
2000000 1233.336789 
2100000 1084.08756167 
2200000 1371.817588 
2300000 1303.84697767 
2400000 1323.37088433 
2500000 1341.163588 
2600000 1335.966814 
2700000 1408.22912 
2800000 1405.69281433 
2900000 1417.61708067 
3000000 1567.66681433 
3100000 1408.135389 
3200000 1567.567075 
3300000 1587.03426833 
3400000 1571.30188367 
3500000 1720.64293867 
3600000 1518.82797367 
3700000 1491.547163 
3800000 1425.391522 
3900000 1614.079032 
4000000 1627.00401267 
4100000 1590.26034967 
4200000 1611.49499333 
4300000 1879.506894 
4400000 1741.17142833 
4500000 1680.836128 
4600000 1694.68673767 
4700000 1863.72055467 
4800000 1644.70850233 
4900000 1851.82205567 
5000000 1841.01793567 
5100000 1969.83315167 
5200000 1916.035082 
5300000 1858.81532167 
5400000 1939.17784833 
5500000 1894.105316 
5600000 1922.58638333 
5700000 2040.420818 
5800000 2098.81087267 
5900000 1914.016806 
6000000 1920.906719 
6100000 2013.14802633 
6200000 1914.74086033 
6300000 1852.36465767 
6400000 2126.300296 
6500000 2281.90307867 
6600000 2075.41122933 
6700000 2153.11724433 
6800000 2250.26352867 
6900000 2081.478589 
7000000 2108.891025 
7100000 1997.83600667 
7200000 2075.09836633 
7300000 2141.26756733 
7400000 1927.64227333 
7500000 2121.90222933 
7600000 2134.52012067 
7700000 2067.01253967 
7800000 2181.98604333 
7900000 2019.37164567 
8000000 2209.30861767 
8100000 2344.84844233 
8200000 2232.04400067 
8300000 2250.25587233 
8400000 2190.909457 
8500000 2284.34159067 
8600000 2626.126456 
8700000 2371.509472 
8800000 2365.760814 
8900000 2510.32948033 
9000000 2402.26353267 
9100000 2325.03354933 
9200000 2419.57165167 
9300000 2439.99768633 
9400000 2495.62928733 
9500000 2367.197995 
9600000 2472.54353267 
9700000 2324.26242733 
9800000 2715.70827933 
9900000 2276.36715767 
10000000 2315.675741 
