 240 
3000000 1448.5873595 
3025000 1472.05703375 
3050000 1417.90553325 
3075000 1497.43253025 
3100000 1453.30184275 
3125000 1515.93850925 
3150000 1488.5056085 
3175000 1479.34572375 
3200000 1530.4458 
3225000 1594.19555675 
3250000 1554.4782425 
3275000 1490.0431805 
3300000 1513.5722945 
3325000 1592.653125 
3350000 1520.5915815 
3375000 1627.05984275 
3400000 1489.6779305 
3425000 1548.9737695 
3450000 1526.974145 
3475000 1551.0086075 
3500000 1605.771506 
3525000 1660.89607825 
3550000 1566.9099715 
3575000 1584.69420725 
3600000 1534.63844675 
3625000 1576.38888375 
3650000 1599.7718845 
3675000 1567.44456 
3700000 1644.9163645 
3725000 1566.93229875 
3750000 1599.22574875 
3775000 1621.65046475 
3800000 1483.7704985 
3825000 1633.9602345 
3850000 1642.96715825 
3875000 1589.14411525 
3900000 1651.333172 
3925000 1590.40078425 
3950000 1634.167519 
3975000 1504.7653105 
4000000 1650.63272625 
4025000 1599.536611 
4050000 1526.93473725 
4075000 1702.38859625 
4100000 1617.209072 
4125000 1652.059439 
4150000 1651.27761325 
4175000 1538.0580235 
4200000 1631.67450125 
4225000 1485.7498275 
4250000 1695.10268025 
4275000 1805.1291435 
4300000 1831.61760225 
4325000 1746.36883925 
4350000 1774.4249595 
4375000 1745.30412125 
4400000 1853.86940375 
4425000 1677.81601675 
4450000 1886.417069 
4475000 1806.2841275 
4500000 1791.76822375 
4525000 1781.07572325 
4550000 1732.27037675 
4575000 1812.98546125 
4600000 1806.29440825 
4625000 1831.990231 
4650000 1648.24452175 
4675000 1927.268485 
4700000 1773.447012 
4725000 1705.062163 
4750000 1778.65204125 
4775000 1768.7846865 
4800000 1925.442488 
4825000 1719.98922025 
4850000 1963.400927 
4875000 1756.78375825 
4900000 1807.68120025 
4925000 1786.01778125 
4950000 1938.871668 
4975000 1890.46944075 
5000000 1873.23974525 
5025000 1795.7883095 
5050000 1832.44982175 
5075000 1837.6411705 
5100000 1674.922527 
5125000 1818.1694965 
5150000 1790.95627725 
5175000 1770.73384425 
5200000 1954.81243825 
5225000 1865.8615595 
5250000 1980.33759275 
5275000 1858.82142175 
5300000 1828.5227455 
5325000 1862.72631675 
5350000 1936.7057925 
5375000 2031.983004 
5400000 1910.63671525 
5425000 2026.3012225 
5450000 1942.082277 
5475000 1837.79076425 
5500000 1927.710433 
5525000 1988.002938 
5550000 1942.67583875 
5575000 2040.64239875 
5600000 1886.947503 
5625000 1843.80198225 
5650000 2065.56090325 
5675000 1813.298923 
5700000 1894.29508775 
5725000 1978.89445675 
5750000 1842.4410605 
5775000 1935.796747 
5800000 1827.11029075 
5825000 1826.0925675 
5850000 1899.404574 
5875000 1785.46139625 
5900000 1935.2215165 
5925000 1966.7136385 
5950000 1886.03039 
5975000 1763.07629575 
6000000 1915.046976 
6025000 2028.95040975 
6050000 1822.244306 
6075000 1781.777403 
6100000 1981.1298605 
6125000 1927.29040975 
6150000 2050.77676825 
6175000 1892.60033425 
6200000 1905.948488 
6225000 1904.55616225 
6250000 1910.43958325 
6275000 2032.88189675 
6300000 1997.34964225 
6325000 1922.235006 
6350000 1828.02379575 
6375000 1874.375659 
6400000 2117.934474 
6425000 2077.4107615 
6450000 2096.05222075 
6475000 2063.86985525 
6500000 2032.07580375 
6525000 2035.59081175 
6550000 2075.6857755 
6575000 2061.01736025 
6600000 2212.6334875 
6625000 2083.843639 
6650000 2237.10731625 
6675000 2092.8470655 
6700000 2162.14245175 
6725000 2236.5368335 
6750000 1929.06040075 
6775000 2112.41327275 
6800000 2204.60521775 
6825000 2143.097168 
6850000 2104.66580975 
6875000 2238.595378 
6900000 2054.87162525 
6925000 2073.28129225 
6950000 2018.91739025 
6975000 2159.45388875 
7000000 2054.9884355 
7025000 2087.573808 
7050000 2203.76563675 
7075000 2143.1585635 
7100000 2102.4685945 
7125000 2143.95389525 
7150000 2201.84520275 
7175000 2161.089699 
7200000 2112.33155425 
7225000 2099.749863 
7250000 2026.86875475 
7275000 2212.2443715 
