 1 2 3 4 5 6 7 8 9 10 11 12 13 14 15 16 17 18 19 20 21 22 23 24 25 26 27 28 29 30 31 32 
100000 31.638054 45.055306 27.851962 28.884544 21.684779 32.22153 26.810699 24.062572 22.940029 62.098849 59.74904 22.684698 24.10345 28.713968 87.849285 18.085356 33.017277 21.167428 22.514225 94.055074 20.983739 31.761533 23.148679 29.173196 24.42746 23.054644 29.472574 21.346187 39.757775 29.314773 29.105307 51.976381 
200000 71.290255 103.340167 78.19694 67.154044 54.672055 53.574964 53.293218 44.482617 43.729593 38.701773 33.758267 51.756375 36.936265 72.939318 60.351124 72.14153 30.305295 38.684561 32.091413 51.378405 40.378304 121.631823 92.719497 101.331171 79.72278 85.624316 31.715972 42.920562 27.986675 53.952162 85.813094 106.935907 
300000 81.45466 162.425983 78.7445 73.937322 65.93311 61.034577 52.284024 47.624813 49.362354 51.929831 83.936641 103.22008 124.221192 43.101207 111.218447 37.900642 39.191803 102.120621 105.306074 40.286767 91.994777 43.446853 53.943261 111.334409 126.842388 30.238294 43.533998 40.621867 37.117658 37.673494 40.222468 44.833349 
400000 142.239484 228.611775 97.426376 87.345861 83.962295 65.730798 63.762738 75.351957 101.888407 50.648556 64.810414 62.26413 47.802049 48.414948 134.407943 43.74104 46.942546 66.009475 93.194754 45.792287 52.202306 42.114813 45.029726 44.107246 46.330879 38.488413 40.972292 141.550182 40.992278 40.0393 96.163594 40.347811 
500000 131.978758 184.264293 112.860352 114.752859 104.457703 201.89198 71.681515 63.428148 85.29144 68.712594 86.512173 61.697397 71.446846 143.857191 128.029763 53.396713 107.979356 52.81475 52.219883 80.579961 125.784035 56.319138 117.528729 49.455014 123.641142 51.580727 50.147917 44.903233 135.998126 44.325787 46.047063 48.676612 
600000 160.894725 372.956932 156.345892 136.797864 99.383413 110.922887 98.186536 105.156295 93.298168 80.850173 73.031356 65.142115 76.386306 188.964154 146.802043 162.384376 64.74008 156.244288 62.409797 61.570382 61.461073 54.143779 53.178374 133.37379 183.51127 56.548157 50.663192 52.944889 64.673347 56.839408 95.807262 107.56361 
700000 189.083531 342.038453 159.085572 158.888497 146.025294 123.04078 105.115977 181.84838 112.975762 103.116787 79.83002 84.758521 77.871938 80.774608 84.086618 66.715406 67.006476 141.478481 124.664045 68.479547 59.575361 72.844651 142.501694 59.541575 75.596483 61.827962 56.707205 62.060513 65.902469 171.775425 128.651765 182.334712 
800000 210.688823 339.058622 195.747057 177.408158 147.401491 127.276251 121.179299 111.772999 110.984298 161.72779 94.854136 86.758627 177.604638 208.557959 81.409686 163.395632 74.749285 85.112114 81.942285 77.923768 92.205113 135.064295 63.639843 139.087413 144.491084 69.624414 72.842342 72.215377 100.348328 187.902763 144.018034 59.70259 
900000 242.869205 641.921597 225.733558 196.602019 161.448993 150.487846 130.91772 135.136092 225.761616 102.55667 105.279977 175.961817 101.290443 94.077363 136.636195 193.564049 81.37728 82.187913 79.684876 81.851448 86.010114 87.291484 179.059712 75.361869 178.05357 74.12707 167.229063 80.108909 159.9743 74.800783 84.62704 128.3813 
1000000 264.821887 432.506529 249.268878 221.382773 192.731075 175.707638 143.111675 138.799019 139.715745 136.957755 128.916485 220.110641 105.860101 106.443661 132.011486 206.474513 96.510199 160.74169 115.297456 144.517308 218.348066 88.246558 86.94651 163.387295 159.636844 215.61807 81.881728 84.726366 80.940641 78.857574 189.867453 154.822853 
1100000 287.905756 496.541437 265.918654 263.08011 216.561809 190.157102 161.211058 170.629491 145.04699 228.637034 122.794054 121.862089 116.117161 113.069387 110.363892 193.206762 221.87294 165.701775 135.250624 94.952394 177.251606 116.69926 104.978144 85.484799 95.922051 168.762119 90.166725 119.389747 83.008783 86.065192 163.316027 199.934809 
1200000 326.024947 558.711403 293.642231 373.116609 219.279827 332.144246 168.938962 183.391811 166.156028 171.93254 206.67949 131.494369 248.71399 118.376886 123.833949 104.801226 156.229765 221.381544 98.647946 112.234022 224.372976 110.67586 199.508342 93.511207 108.539286 175.380824 96.409397 103.92052 91.433189 93.496232 150.958986 197.414107 
1300000 345.959403 617.364524 360.697468 330.389768 266.059569 215.27794 342.127363 174.063893 257.201075 165.040578 225.984695 133.290157 196.339999 147.482472 124.346168 252.771759 129.172676 123.983766 213.51478 181.56035 109.180919 108.611299 154.00277 110.735207 108.134625 254.726295 103.88938 94.640993 95.972784 96.612118 97.53072 221.629347 
1400000 370.744146 675.548246 374.922219 344.850648 312.537574 280.877768 193.483945 190.362931 176.181476 154.379858 164.556385 179.308639 161.760868 162.148026 137.967249 136.035919 144.668703 137.250002 122.505978 234.698626 127.586605 108.957913 178.283012 109.525638 118.773277 108.814052 110.936951 187.818877 108.374454 115.476079 96.135925 132.561221 
1500000 393.00444 1240.503972 425.688312 390.90406 247.872049 314.096538 236.130234 212.544125 209.143489 196.24437 170.060815 147.883438 257.048346 243.036132 145.944469 134.310649 133.108289 133.021881 139.319579 275.087391 156.319038 122.096729 115.747468 215.791402 195.278626 180.788064 227.067848 109.116306 119.608161 228.566869 107.566684 128.999991 
1600000 421.651839 803.36875 455.757303 415.24866 347.330776 350.31734 322.820109 237.706283 218.976272 198.385552 173.013357 318.092309 276.914576 170.934418 142.034978 147.654675 135.26811 150.472004 142.424765 142.796048 164.878779 152.782955 158.446589 126.975383 141.594151 120.461408 124.304768 242.292274 120.977837 107.382929 132.330035 107.602884 
1700000 442.075262 819.311871 472.766381 433.223238 361.547683 287.450369 251.718116 267.46722 250.513723 200.100401 214.011544 180.637776 180.237583 210.540589 171.183817 176.527397 277.060043 251.569527 151.579243 158.123119 259.475775 133.382139 129.489717 124.485723 220.38959 156.525954 146.781103 138.27143 127.526653 117.766561 207.199515 193.622936 
1800000 466.575336 892.251621 564.449505 475.512408 353.851888 334.027326 334.425904 250.482383 254.551044 209.535551 207.916256 276.557799 203.130918 194.956285 168.637463 296.275184 161.393398 230.039509 206.207147 140.815271 259.239699 205.275093 226.713336 151.00796 206.579565 134.361792 147.917083 177.292051 120.004398 121.19208 205.509418 227.923839 
1900000 509.758034 927.769133 791.226759 510.414939 396.699838 520.027597 297.734188 288.316209 262.138574 258.156395 217.054232 286.551747 189.164468 202.478929 185.227555 272.255792 260.782785 170.145842 182.599155 177.647269 166.697983 174.025376 165.936958 146.979229 140.727592 149.114681 142.827865 148.788338 158.319151 276.22303 229.499285 223.631494 
2000000 563.354567 1023.974533 673.964916 559.796268 439.043961 486.05774 309.413398 293.38764 461.626997 260.639211 209.71747 209.844245 216.372279 266.908684 196.910783 190.976359 184.555593 197.804905 172.283963 215.329932 248.763419 173.554813 151.745079 173.609807 230.913383 149.3729 150.464552 180.902196 131.629581 156.925062 129.379552 128.982159 
2100000 590.689858 1044.232245 660.791082 594.355254 465.816992 573.38126 395.843097 357.720774 385.364215 250.140354 305.634944 372.208451 291.66848 211.822451 192.64818 194.734695 266.556793 292.983915 178.838392 181.069645 233.342103 169.726598 228.25435 286.50074 157.101422 227.878734 161.038487 150.454209 145.498823 153.685056 231.105522 239.109369 
2200000 616.735088 1105.512297 627.530149 674.000456 502.179646 629.591751 334.077505 440.646554 409.521102 279.612424 260.500354 245.318959 246.06024 227.794915 208.244079 264.364896 203.715434 293.183678 187.871022 272.605862 189.951709 185.442614 185.046038 179.920258 175.611133 165.248267 152.734076 157.612258 147.976339 232.847006 144.943044 228.496477 
2300000 611.780948 1164.916267 711.159071 636.459164 523.415456 515.396313 386.607441 412.007622 368.300678 333.529625 302.849943 278.170705 221.565159 339.654624 349.101002 287.027637 201.659846 253.147757 288.490782 188.617284 196.021319 185.691764 233.914955 179.024935 176.992675 286.793833 156.354323 174.250636 145.545408 165.916704 243.9749 226.403679 
2400000 667.58664 1264.273344 694.028745 664.347621 602.198932 488.669114 395.67659 399.618123 434.264675 277.690593 279.837373 293.17179 238.084838 381.923269 230.476573 263.651367 311.551469 267.471507 194.513404 210.814958 200.625409 198.836567 258.754097 184.475532 183.903153 181.831519 238.793869 181.288622 177.784488 234.349923 170.82393 185.650061 
2500000 687.895516 1289.562879 793.3429 714.388149 550.524646 483.919688 480.671222 423.502389 375.562524 335.613923 279.218243 279.499436 237.270097 356.392138 311.042032 257.181365 283.259687 209.459567 196.515277 207.542234 202.593016 283.794408 288.605435 190.290466 289.969317 202.07885 186.76373 177.984404 257.939675 218.436446 181.211309 185.306343 
2600000 689.291571 1326.103446 755.761386 737.791251 602.184836 565.349091 480.280571 403.80446 520.717502 418.066952 277.547607 381.415478 263.478127 272.662136 244.229329 256.378141 308.424695 294.643025 263.800739 298.416111 246.063588 209.470552 207.305111 188.713637 182.510584 185.588331 207.033528 177.577044 178.402927 194.030174 253.875076 183.099543 
2700000 759.033568 1385.484844 882.535156 1087.287212 545.760045 555.018067 472.451698 509.513332 425.725086 398.405642 357.638914 294.969372 362.172379 358.794901 289.880859 268.174842 236.06982 267.564761 247.742351 210.009522 274.137874 282.510784 212.514986 203.739296 220.892094 207.78374 197.720975 185.545616 202.616118 194.907945 176.382883 205.151149 
2800000 730.558245 1461.920722 898.027163 791.709208 666.715895 500.051945 383.879724 553.188877 424.619952 429.36713 352.218508 288.199941 294.399685 301.810516 279.329314 272.056355 253.305407 246.280444 279.210116 227.51948 308.627712 233.597946 217.175161 211.783401 197.810785 209.729578 258.738302 213.082583 270.37746 214.522986 185.589956 172.203678 
2900000 804.321844 1521.274178 938.791699 921.0685 586.298857 691.552594 440.83461 392.918647 509.81768 372.877415 318.230682 401.896516 314.369255 464.490624 474.729552 366.478034 408.312589 266.056658 268.735429 230.599674 308.568907 224.502269 223.193187 225.179757 323.24093 212.321396 299.438795 202.168592 195.92358 213.623409 197.916064 226.552312 
3000000 815.622288 1555.390684 952.837982 752.664526 638.631032 663.939457 502.621639 463.542623 471.928727 467.037774 535.577351 431.875989 338.475072 365.394716 296.259578 292.942217 370.788159 426.07564 259.697845 328.796909 277.360612 227.500682 251.248358 294.316215 243.504503 227.180649 294.648613 211.478411 328.381162 251.548864 287.896905 293.468579 
